Y,X1,X2
-208,-125,-83
-108,-157,49
-69,-3,-66
-11,108,-119
-7,79,-86
-183,-105,-78
-245,-114,-131
110,184,-74
-216,-183,-33
56,-41,97
-53,-124,71
92,98,-6
111,185,-74
167,198,-31
57,-7,64
101,-31,132
66,18,48
-349,-156,-193
169,14,155
-38,-69,31
-54,-22,-32
23,-135,158
-35,56,-91
120,114,6
-73,-88,15
41,-43,84
-24,71,-95
-164,-121,-43
-215,-146,-69
-34,-89,55
80,140,-60
-309,-167,-142
171,129,42
40,58,-18
111,-82,193
-264,-182,-82
230,58,172
-50,106,-156
-2,-175,173
-136,-54,-82
-48,-150,102
-43,-145,102
-215,-147,-68
40,-86,126
151,108,43
111,72,39
88,197,-109
130,5,125
-119,-85,-34
211,63,148
-163,-29,-134
-108,-73,-35
-131,-83,-48
-10,75,-85
0,113,-113
-254,-135,-119
15,-154,169
90,-14,104
-178,-177,-1
-145,-157,12
-65,-133,68
129,-18,147
-295,-176,-119
166,97,69
41,-155,196
313,154,159
207,18,189
-216,-80,-136
168,50,118
-17,-168,151
35,-38,73
-130,23,-153
-180,-5,-175
147,87,60
38,-138,176
-101,4,-105
-236,-44,-192
-55,-194,139
-89,53,-142
23,-139,162
-102,93,-195
-289,-89,-200
176,179,-3
95,47,48
276,149,127
-311,-120,-191
-291,-153,-138
-360,-175,-185
-157,-145,-12
74,93,-19
179,198,-19
-212,-171,-41
59,197,-138
260,75,185
-20,-25,5
-86,12,-98
186,54,132
63,70,-7
-112,-64,-48
222,147,75
-198,-165,-33
51,84,-33
-18,-91,73
-136,-96,-40
-145,-150,5
106,43,63
-26,162,-188
147,143,4
226,182,44
26,117,-91
209,11,198
37,166,-129
125,57,68
190,180,10
20,-90,110
64,-96,160
-24,99,-123
149,71,78
202,127,75
-189,-86,-103
-170,-85,-85
-114,-100,-14
210,153,57
7,98,-91
8,-121,129
30,-150,180
-161,-125,-36
289,107,182
-282,-143,-139
4,-141,145
26,103,-77
-120,-46,-74
-41,-36,-5
-127,-101,-26
-31,130,-161
-74,-8,-66
33,-106,139
-25,-164,139
-69,73,-142
204,47,157
-313,-141,-172
198,119,79
-339,-177,-162
37,170,-133
3,-43,46
-132,-82,-50
153,193,-40
132,3,129
-158,-26,-132
291,158,133
193,136,57
-152,-46,-106
327,143,184
84,-58,142
-85,55,-140
-64,-130,66
161,84,77
-174,-139,-35
150,-12,162
-144,-66,-78
-326,-136,-190
-143,-80,-63
-202,-110,-92
-36,-13,-23
117,-50,167
-105,67,-172
-254,-136,-118
97,93,4
122,21,101
326,195,131
30,42,-12
-15,155,-170
-343,-198,-145
-62,-154,92
-31,104,-135
-67,127,-194
-122,11,-133
167,118,49
42,126,-84
319,196,123
21,-92,113
157,155,2
300,148,152
-57,-41,-16
-150,-80,-70
2,115,-113
20,-153,173
-14,52,-66
274,121,153
200,189,11
-80,-198,118
102,131,-29
231,32,199
24,135,-111
-165,-52,-113
-333,-200,-133
69,44,25
-9,-177,168
82,157,-75
-171,-65,-106
158,-30,188
-17,127,-144
-235,-59,-176
75,164,-89
191,175,16
-2,-51,49
-76,-13,-63
318,177,141
-100,20,-120
57,43,14
20,177,-157
253,100,153
-103,-174,71
-14,40,-54
-216,-93,-123
-127,-115,-12
96,169,-73
234,198,36
-89,-89,0
46,-28,74
-147,-148,1
-98,81,-179
-97,-195,98
-165,-9,-156
136,174,-38
5,-59,64
24,11,13
-207,-186,-21
-35,147,-182
60,-74,134
-212,-146,-66
-182,-87,-95
-149,-155,6
210,195,15
71,-38,109
118,5,113
-38,90,-128
43,-116,159
-50,-95,45
202,109,93
24,188,-164
-221,-169,-52
48,-113,161
-43,115,-158
-79,-83,4
229,144,85
310,198,112
0,-40,40
37,-54,91
78,88,-10
-206,-49,-157
-99,8,-107
105,166,-61
-42,89,-131
-224,-189,-35
-51,135,-186
53,-22,75
-152,-10,-142
-166,-197,31
76,145,-69
-9,-104,95
-133,-157,24
101,-38,139
26,-1,27
311,134,177
30,-135,165
132,27,105
47,-140,187
-78,-34,-44
-86,112,-198
76,-14,90
-314,-149,-165
-218,-69,-149
-217,-138,-79
150,84,66
206,138,68
75,-59,134
-213,-115,-98
-46,-164,118
-50,75,-125
106,33,73
214,70,144
-163,-30,-133
-114,-25,-89
-56,-111,55
151,59,92
-6,-147,141
41,68,-27
84,131,-47
-105,-142,37
131,96,35
-81,-93,12
14,12,2
-253,-95,-158
274,140,134
380,190,190
-350,-150,-200
-38,157,-195
-42,15,-57
